0.1947738454552785
0.21594680569004857
-0.13122474202267895
0.05812500343070634
0.23268397201541038
0.15461993786468967
-0.18690845777222398
0.13034776329858114
-0.11177655127445954
0.25087933877100643
-0.6662801152200352
-0.6457320834328122
-0.40792489847227464
0.0439217177476883
-0.14224569362310224
-0.04593698490714479
0.22979898794718448
0.35163536517843663
0.34882659799190263
0.664258111453088
0.653008627696322
0.6505577421891183
0.820774932847366
0.8679538461046995
0.8329699314166331
0.7211150610479865
0.8582492270061847
0.4974058006608364
0.3011175775751527
0.18713730332651266
0.24629262872114335
0.6172677247766022
0.3822627494154761
0.44729204188190297
0.486460893044929
0.24924954308836247
0.5771033230926474
0.4606098877431536
0.44859049868775913
0.5004478590865463
0.623134856933891
0.9044282331493071
0.6109434242670586
0.3147228381337205
0.27281248824015303
0.043537610803528276
0.41783136492462336
0.6555669057981253
0.5783784796856392
0.45325889808143327
0.2939550650853675
0.23545480111918596
-0.04293728486400558
0.27619438735517543
0.09301877053883226
0.2638211378461798
0.3211219401629327
0.06886161466060123
0.7289630900959877
0.49754543689177233
0.6108949919888643
-0.011802324514814555
0.002161839915563346
0.0017050246394445245
0.23312230880997517
-0.14930007061665804
0.025195791732376377
-0.4158099141371993
-0.7685718030359394
-0.36160429829701435
-0.002651985549073005
-0.5463223991040773
-0.16535788552855982
-0.08083423501827414
0.4342348365333081
-0.2774465100430006
0.11257142417596874
0.503578492714389
0.7519788048231667
0.6148567745989942
0.57964462777454
0.7704785020607995
0.8757477048338563
0.48907091677147707
0.7370982735073155
0.9026588945270168
1.0762156069986781
1.021473873995547
0.9820415310792486
1.0230336232700954
1.1315404949844643
0.8790459568304846
0.7307012426809728
0.7572143249376527
0.22545184820866884
0.29122899144345427
0.5338699106534535
0.7342330429059528
0.7612214631643969
0.5987733567269918
0.6796075719647693
0.6178549658616325
0.8065983142982999
0.5880324620410781
0.723855434351722
1.0174218945050726
1.205054126787783
0.9932176439756412
1.0049775865272972
0.8283845693206392
0.8110640768659728
0.7566320723541157
0.933051849918119
-0.024486589010412646
-0.37324311261805976
-0.34044076242239163
-0.3982905434322096
-0.26027129607949745
-0.13591542664721484
0.1222424918423862
0.3136338641695443
-0.12450877173655327
-0.27173352357066827
0.19215881650655744
0.07639865664649262
0.18051300933930617
0.4283671716838613
0.6429463714547411
0.8539184171842956
0.45273274887756143
0.9485759274215965
1.2761298117171131
1.250210376490272
1.1489071865040463
1.2364859066767933
1.2664355061227677
0.8121925749065556
0.7882312464781861
1.1254444614547776
0.6982742234696723
0.8331617519950666
-0.9301053067905588
-1.2841435645910835
0.2684098282588817
0.6904266234905587
-1.1748191055400317
0.5331010272646465
0.22010422606479754
0.5654871052809434
-2.149999584322138
-2.6879932011752974
-1.453801830952864
-0.9929734197623966
-1.9471528847733337
-1.9734357198571004
-2.7731012904297816
-2.087756108988463
-2.0384654096958004
-1.9859246809377238
-2.1991923348328903
-3.9323013095943464
-1.9854300383689916
-0.43808216536865696
-0.0050673269825690925
-0.142003002958257
0.12632888407434142
0.6428575237681387
0.5117655428087217
0.7466087819829496
0.8262832475519749
0.9760235248355132
0.8891963843911418
0.3926033829585823
1.1101566610828466
1.0645353462873846
0.9962288644679488
1.0934123966116953
1.2570447340207462
0.7603746362639608
1.0283415976035146
0.6542066754405814
1.135064697316079
1.0707128152700374
0.1708506140616424
0.681456122511635
0.7547621014750578
0.9168336901183683
0.20299707475724435
0.5677209627890559
0.4621967596989319
0.645587696960828
0.9797908462350559
0.8052474736778071
0.44167236949433997
0.6292650430633497
0.1477471683096482
0.14665036559454916
0.18430180277694566
-1.020848075446891
-0.023746684288020986
-0.3612711276022913
-0.03779018526378594
0.18595434946994463
-0.35272957992708565
-0.6318817825894057
0.07496496578674552
-0.29474545027390453
-0.2269796844889903
-0.5537435631882421
-1.2802789223666815
-2.6306657454963944
-1.124344486199851
-0.17925118946273186
0.2908203992374969
-0.004930816259633791
0.36442631900763645
0.47123903326292405
0.3590795396498526
0.45975771542039745
0.4148756646193351
0.6885983594192036
0.8622713518385859
-0.29770645063586376
-1.9831301875644314
-0.7511555163360822
0.27714391596154464
0.1571745769287625
0.9071115355012928
0.6057481896227359
0.10249083106910292
-0.13211533492352848
-0.8869705228307311
-1.9538575688700552
-1.8101740323761846
-1.1032356136372246
-0.6575812131877203
-0.38745889961730734
-0.1861131178769995
-0.19269371250946915
0.04217892587495206
0.33129293080997513
0.5370404896436604
-0.46637377296205285
-1.6994765248434134
-2.129361643699886
-1.5325343611119688
-0.896830429948488
-0.2744489069707753
-0.68626891054663
-0.1738389391633405
0.2906727756853219
0.5174994197456443
0.04694004129951998
0.34664743831348654
-0.9418428714077905
-0.19859147861399126
0.3486785321043093
0.3980812665428233
-0.45758162871512886
0.041522574240447724
0.23409736633717823
0.2972873970990434
0.8274379806950897
0.33412998997323684
0.05791044942122034
0.8480307977307416
1.025234017603031
0.49372555267232043
0.42210540216983816
-0.23502761750803436
0.4360427416510957
-0.3374867007217709
0.08608435945138546
-0.03397796942497086
-0.28081560420046897
-0.5713956866690988
0.014993705279666508
-0.5622727947557857
-0.6501377384758802
-0.9531136326738302
-0.4169523180392962
-0.8554831142308174
-0.7079275646972081
-0.8792454064319412
-0.5226321269271141
-1.0752756007938962
-0.35747782302230224
0.011379665082267482
-0.005772887589869241
-1.430224748737492
-0.29905285616222366
-0.6765151545780208
0.2654075270818158
0.4744133634881045
-0.0343179526585303
0.2736526746646115
0.1557882782895977
0.6335825895882188
0.6710729717481935
0.7818178926439004
0.46278848517511506
0.65037389296496
0.0593363331480696
-0.6871351047381697
-1.4886752591964572
-2.374508794013995
-1.4330219465625738
-2.354256083053909
0.0935383599249375
-2.271705747239346
-1.564232605743284
-0.396523117760442
-0.532974381178885
-0.16404896331442442
0.2943989743474612
0.12370911194191528
0.501983006381642
0.5082621886111377
0.4228986296398419
0.27307989569064006
0.12991109053456737
0.35678295607607347
0.5849862064303148
0.880147664416305
1.3583640572682054
0.11387275799509053
-2.074658927990358
-0.4515721420486407
-0.002944353502981667
-2.622224047454485
-0.3535505305613027
0.183199420628925
0.37619653018913335
0.3272090354961026
-0.2167120152833182
-0.2769986372754207
0.0632691460657537
0.3540897247196664
0.4453349978367779
0.4137268406017235
0.20651095902088476
0.013463162961291658
0.6773862400094309
0.8316655877123768
0.5325121673776609
0.7766302802386352
0.915718881978553
0.7175348865752059
0.5016306284172735
0.3807091308481527
0.3822497882992901
0.18782129834334896
0.326861846742849
0.6443869694815287
-0.4479934369804994
-0.47280134443853306
-0.03696099958377819
-0.5489928145975319
-0.16639313357435756
0.9426521012124826
0.96661767364801
-0.353186238057011
0.22915178778854875
0.5877997921615751
0.3752804387545521
0.8567779452620591
0.6937432972416023
0.4693028375721616
0.025175522041524984
0.8544163864270774
1.801785379474091
0.29377332519545907
0.6501210631854802
0.8293933632913207
0.8805928596153031
1.0239734637151978
0.7441335304217253
1.0101107068874826
0.8204156582702452
0.2753776046799573
-0.15501327688202995
0.30297290443678315
0.6251685256919416
0.7482707421235837
0.761717370914487
0.18174671891420066
0.6009487093906299
1.0753076932689465
0.6288942934746294
0.7671598073368656
0.8017429404787132
0.48583432619014144
0.678094936976701
0.57417335229546
0.7650821263317505
-0.22578215203921212
0.23485300753764118
0.6725220185042323
0.7615182603446532
0.6110636594028804
0.07940158891166874
-0.7203322174669529
-0.21583381506465735
0.3066821741930177
0.7149467232084147
-0.1690970583895394
0.09011154738645358
0.008219001835194556
-0.34896271603863827
-1.6604171736431694
-1.701012308011832
-0.47481615560823853
-0.08267340494777287
0.3944685115047082
0.14291274741222057
-0.610726680590016
-0.48443861821156553
-0.04102531599512588
-0.0818735917934259
-1.5396007346505776
-0.35778435442898016
0.24011922613929107
0.10148276962998468
-1.0758116578839283
-1.22582548370163
-1.157934051731738
-1.0532469311374713
-0.5505366193569926
-1.0529731684253028
-1.9813559046144156
-2.1964282828508677
-2.1904236288471455
-1.8579793452885718
-0.6243812499474266
-0.367209133220025
-0.019044549465091043
-0.3364794311854956
-0.326642686583684
-1.0744768498687973
-0.5713989653096392
0.0029487614170326804
-0.6980866183715498
-0.5556245721013621
-0.29411882303356374
0.046107867597835556
0.5002475432597147
0.11677239718866575
-0.5142320443510562
-0.24110281501034062
0.2053491455234028
0.5253494517243796
0.4271964941580412
0.5248915656632771
0.5684088606948606
0.6127511896499512
0.612632547822121
0.40748593467632477
0.7341771112514041
0.6850859020634765
0.3888695326890462
-0.9086939145711881
-1.6536230850554468
-1.3113560171842722
-1.245769735688586
-1.5963776486250754
-1.1114409754356258
-0.19906631758790636
-0.8233107349207667
-0.560711272861928
-0.5884540345228108
-0.47884345274975426
-2.1866272535618143
-1.2120126216086693
-0.5328640579815037
-0.1471422265480805
-0.2303625388765336
-1.3382712372576229
-1.5600096756109212
-1.2149125701440662
-2.0623773725113144
-2.3319310766937735
-1.4065586373616803
-2.377292189570345
-3.095824524985024
-1.1463909045984655
0.30320456887008285
0.34366629763967405
0.060702041364077114
-0.1980786376716541
0.3150787290855076
-0.011469765195173648
0.05384994814434299
0.4967966011336734
0.6307166824302067
0.6198829993764012
0.740640593123039
0.5715873215022829
0.7878801813736275
0.5651711597999175
0.5108469552649945
0.4559641883164951
0.04463094935472625
-1.4216619746745685
-0.9829078075534404
-0.5831469991312491
-0.12097586973168122
-0.15019651884552146
-1.2402546652938682
-0.847845475457698
0.4049571896169143
-0.23158878943742836
0.5292013373741055
0.7340785109288844
-0.29718832870279555
0.6272692473936495
0.645134470599272
1.0170117829010878
1.131856863597856
0.8794766701645399
0.8921716787268016
0.7378885739841959
0.7746375352447602
0.5361467971089087
-0.06361402045339379
-1.593615074758901
-1.004903916559905
0.14974617476573918
0.7256602854142392
-1.14465549105386
-0.8818475959595033
-0.4355349323461861
0.12297494343966567
0.3668072517329659
0.37568460438861107
-1.4086805874027726
-2.4639093254499667
-0.43181708392581897
-1.6948658461020358
-1.0187576222824284
-1.8318511182463437
-3.174969491140125
-1.0663491237234473
-0.5172737627034623
-1.050272206110127
-0.09739765534108796
0.4327752283833731
0.45035721252066996
-0.001980007741671147
0.40179323608040074
0.34665838639630775
-1.1378570848011098
-0.2419520270883726
-0.04457752296034659
-0.1141218175120805
-0.6475648020487317
-2.1546810701561343
-3.299139912553051
-2.2328716634432757
-1.711791640996151
-0.8412884159853394
-0.31551780713073574
-0.45041460695305346
-2.1059873822423563
-1.343306989531472
-0.22981441281132112
0.01467047708036237
0.1962264448083932
0.5583726446440208
-0.1426525657059768
-0.9327005119465148
-1.118196321714658
0.21746404402246386
0.5969122864646584
0.30802766563296513
0.504231600298453
0.24492158928723837
0.4548321363601374
0.13528013323638552
0.05271749064152495
-0.05729360401249908
-0.29408693384368967
-1.5655648398365845
-2.407498314283004
-4.030893945358592
-2.5771667892240604
-1.1725004171544096
-0.9899675727861125
-2.1518652119484414
-2.449710938036819
-1.1442168655546143
-1.8905353239955471
-3.0516286706213207
-2.019868566802178
-2.0409792143846275
-1.8290977038801928
0.07146670437318489
-0.5469573592926783
-0.4499404039959408
-0.22800330463561905
-0.7866061681874602
0.2588981350661892
0.06353595293944395
0.502158261421776
0.8929130236020123
0.8878448891858305
0.17928748526070085
-0.3340258180891583
-1.057182528869311
-0.4385955254370437
0.004181187971675521
0.2735415049083265
0.11782494273756353
-0.25973787432872253
-1.1576082552802343
-2.6159529694597965
-1.3515931605142204
-1.405519492327966
-1.349854984170471
-0.9735931018129311
-1.3719015162354142
-2.677163776901594
-3.742244218221565
-1.5125661433782862
-0.9454313036568637
-0.6940190054629676
-1.8169190137896842
-1.3644426891377857
-2.10252068099799
-1.9628345288074311
-2.1387700539980585
-1.053597390881618
-1.1992492275980957
-1.7478752516052039
-1.7029187636989171
-2.1161086601097048
-0.6492992320224577
-0.019048853112599906
0.42825143460925186
0.3237657404411738
0.3305533283886065
0.22661398693055387
0.3794051542514353
0.07009382722527888
0.25296379894815213
-0.586569799427598
-2.473745385282006
-1.966188236395769
-0.989646879910373
-1.2958360102295612
-0.84231666486985
-0.8963851445464525
-0.2281530054295129
-1.1024219819282723
-0.7735639617646296
-1.1322318127499955
-1.9922533321734954
-2.870360813695707
-2.841787343306733
-2.1588303064921974
-0.8860648782128553
-0.5221843153150258
0.02381716777731155
-0.044132013166818945
-0.019053277423771803
0.19405961413213438
-0.43971669564539795
-0.1024447046965953
-0.08679173751704261
0.40186522445864914
0.049835616222551976
0.5238205688487534
-0.15842645698157554
0.38466652171299975
0.41542122047800256
-0.09569630645085359
0.18949345309190282
0.31638567203618584
0.4282041936946821
-0.46123958643000434
-0.23154456632515075
0.20378491277831248
0.361874493306804
0.4458702924298643
0.46335209454502657
0.10020623483942606
-0.3258616549976301
-0.6776332269372978
-0.5622847430437202
-0.28789308646408324
-0.24811700732368813
0.3374431795518046
0.4231500448368196
-0.18063064010191646
-0.16154159511302887
-1.9506998361124417
-0.22613301961375507
-0.4225624140519858
0.31645386081159477
0.17486776265442186
0.124520335128923
-0.6010889832959605
-0.6376853543171457
-0.884142791323975
-0.3032725038801163
-0.4167236046277896
-0.20178116493966453
0.1527702622941385
0.3566556626489805
0.3516040588027064
0.24006183876201267
0.29298602283143493
0.1594254043926038
0.17127617146125976
-0.0387566356992535
0.19194786921341375
0.20288188936057863
0.3412154643452002
0.07565918591686219
-0.3109851973996522
0.1412113863705324
0.34333165799678034
0.12396649911348148
0.059621553777837316
-0.11962986563102582
0.3096439975816627
-0.18916700927298538
0.035716790399727555
0.23324000176638052
0.09839145785396211
-0.6985433747923138
-0.4143095794026427
-0.3062109331293543
-0.02595405682151561
-0.029855608919324095
0.13991075220906438
-0.06696440403416448
-0.12131241461680883
-0.1013767714914306
-0.4922940976868808
-0.6849801631124527
-0.43826894839898534
-1.1941655567563525
-0.20778273487523422
0.4651072611821627
0.5756892208951748
-0.14393439229398716
-0.6485740474777928
-1.4856551460863834
-0.4254527919815003
-0.1652112268416512
-0.0652362304480634
-0.14100498886367122
0.13832955175054643
-0.3502380215626383
-1.6839579922317511
-1.7721344684551161
-0.5788558007235497
0.10681265144416288
-0.03961569071536725
0.4230737482171404
0.1253953178451457
-0.16947574560516013
-0.19321348886334805
-0.043639863733660744
0.09715390338831911
0.09474828720381614
-0.5008576965765247
-1.1296330310436193
-0.2951626123941483
-0.38100107655813686
-0.06664956945679484
-0.04397273969027546
-0.3658217519471932
-0.11280906900080698
-0.1253724179860462
-2.00080532905597
-2.3647534716583176
-1.661929438330443
-0.10027836590495506
0.07815643804884395
-0.34874128528960113
0.29774591159657193
0.39770597615494385
0.47314098724068077
0.1686606035397539
-0.32982557241841204
-0.5359594398946401
-0.23914451248041918
-0.7235105309499752
-2.263921134212743
-1.6488828974837466
-1.1261255291046506
-1.2417790259346744
-1.6905377387071252
-2.8137883016914325
-1.9855066664653953
-2.087758499891827
-2.755708022993154
-1.2439320158789315
-0.5020630158653517
0.34521707582240624
0.22241793726592998
0.4102581728137177
0.31024284887309017
0.19413446555329114
-0.7439614372754256
-0.6693195277681872
-0.030262127881203083
-0.11489322277299949
-0.6329738998084922
-1.846811381831194
-1.2782129985664947
-0.015943025685777823
0.15292968134553078
0.6411866834558065
0.5216749119208026
0.2663296079958164
0.5166035264783729
0.7164942433940009
0.8740813833040603
0.7933410793789343
0.45401149405118957
0.6382347363434914
0.7637460839660609
0.8588623316291814
0.17581507143656314
0.4937502885152124
0.464345095915512
0.5100709547066008
0.48585940564110786
0.39863310477889957
0.20983298864072344
0.5597525402696443
0.5446155419077215
0.34723356960634333
0.6949164102332478
0.054222870762788006
0.3332151443285182
0.225218083207699
0.0640259159066551
0.381445143135856
0.6600632858675475
0.6442242512918178
0.20501307597561305
-0.21015096995591842
-0.2242052697011945
-0.7337352850372753
-2.0601188867566447
-3.130921939150934
-1.252588582469641
-1.166684515265086
-2.7090804534645803
-3.4135161801892546
-0.9488301067420687
0.1714573180526847
-0.13265149742068383
0.005996264045901617
0.3600387944953063
0.22164160128793206
0.3193621970505568
-0.759991970028031
-0.6632044374311813
-0.2321101101410005
-0.08255405493468498
-0.18604305725260223
-0.08729447548117342
-0.7797159448129569
-0.09139151103530319
0.08746683910179323
-0.6602861012169161
-1.921459516790957
-0.9008602285297903
0.30665733931552797
0.09857796374824182
0.15926674031840313
0.39286430228304137
0.7488306753256712
-0.039727365847151336
-1.0318942489309264
-0.6371745761602091
-0.1123393063110972
-1.1021237510730866
-0.27503651962339826
0.1030746284380584
-0.06723110682261546
0.28596501323472834
0.1629379422638503
0.2087262812863492
0.3365047581678522
0.30829439615626697
0.2463605222295148
0.019587191500027995
0.31865579067497896
-0.06025480275337966
0.09680550612128172
-0.10356723202983406
0.10677428708453038
0.09304167581095515
-1.1731815089094364
-2.312163447799228
-2.6287646085400707
-0.9408690410464494
-1.5343816347882566
-0.3043650679659077
-0.26825268530136004
0.2286430084922583
0.023518477617424288
0.19501109380885276
-0.15568777825675137
0.07050226878329854
-0.02808472325315639
0.093228982224667
-0.8109610394356462
-0.41852644413995954
-0.47813933936615105
-1.0851268859402812
-2.5291168286128536
-1.1410166508045232
-0.3287928206487183
-0.7365053908510846
-0.5410719741550292
-2.019188530460334
-2.3210558662582508
-1.57659743674119
-0.352677479792169
-0.45079241831009215
-0.06068625202331829
-0.5261144020250156
-0.6527238576801002
-0.3391916310217512
-0.12722008719480585
0.17102605397659174
0.1918661025719248
-1.1879051355411456
-0.5159815530921732
0.15015804763126453
0.11019871424203495
0.2807300899914634
-0.23086189398185578
-0.6724587585413596
-0.921755871293014
-1.0783593488910856
-0.9325318495877184
-0.565240575350381
-0.28144059638935
-0.6101931164163156
-0.20022733293677422
-0.16719451214698575
0.41841415617134636
0.7512284993024905
0.6375841952360694
0.7584492323278019
0.6200222438708657
0.8661669346813393
0.695466353271358
0.11606710670436873
-0.014807365703989633
-0.04948226828296856
-0.6136019737339279
0.10106233331111256
-0.04210286981460876
0.10869974510767591
0.514923878735106
0.33242969996599636
-0.923420593430576
-1.7929978336250825
-0.0028253141243906044
-1.0714770940994696
-1.2652398617661575
-0.4875752867004228
-1.034453969256797
-0.8754190850981325
-0.19031744545629078
-0.12899002936662085
-0.40085023680616627
-0.8690093765211463
-1.2689489099437214
-0.7674379270184984
-1.6944743567780312
-2.747533023949235
-1.666187461280841
-0.07259730249737659
0.2792445208211455
0.03900723701000028
0.17117119714343357
0.36795095899003294
0.5370554182914039
0.4220643454449672
0.03339911096034201
-1.047505720429378
-0.06432870217838252
0.2349847898777758
0.1360933345325799
0.03697092177072739
-0.8123615245918488
-0.28386414898761214
-0.24126736525549333
0.24196764550648056
0.44037753041248007
0.14207930809018524
0.5099544352535363
0.3193053876054247
0.3114899460301658
-0.1474327817141389
-0.8223787579811849
-0.6363277354759268
-0.8262520979495455
0.08626688893953885
0.14015067412922724
0.5966881824665483
0.09117121896054983
0.4965359961251645
0.7864485736101069
0.9524972342206711
0.8075154269658978
0.8102535717341494
1.1232840548191996
-0.21427533794806528
0.6843909038701896
0.5831589219496432
0.6807163693661366
0.4685635597931156
0.17928107480364366
0.5163205714007694
0.1688903634204493
-8.179963468710194e-05
-0.23976367115586206
0.06095650524914273
-2.2871470750317946
-1.514884736053573
-0.1257715454708017
-0.17803028739478177
0.1913617852160618
0.3573884580811847
0.6377123199460568
-0.3669198020394222
-2.5251439558151736
-1.0109383726988672
-1.6451698523360534
-1.809281256890753
-0.5154245113936622
0.3132017159047875
0.631897000793061
0.5596237945271693
0.350023272898225
-0.3862032800663606
0.03434796200755555
0.3639217843973086
0.3472130287869204
0.4187791062541617
0.5951360190189693
0.7499048927726685
0.5073081998896285
-0.10647513999728989
0.2091303796452246
-0.6784837061949519
0.09024872379758911
0.3406909813076169
0.09865199583659759
-0.6605080511028232
0.3706959009624323
0.45260681222056665
0.3294185787926309
-0.4876398760491715
-0.9909936354073328
0.3141402635274134
0.8920407597037715
0.005891622467841945
-0.44473482694569677
0.24164860959708342
0.5852256230692428
0.7181722404766859
0.6282740534274788
-0.39042569193099486
-0.10640678950462198
-0.02058357865766622
0.07396707622806234
-1.573836273059286
-0.2200499551343029
-0.21153253385105691
0.3604818309237072
0.1460729552525293
-0.3932199523625376
-1.384701833158472
-0.1779757792433326
0.592616198776044
0.6750269253349187
0.6095620309258353
0.7705972284775925
1.249533238268169
0.10418187398598192
0.3406181621199835
-0.226462096942485
0.3879502334301719
-0.06358017682937622
0.9661811732420343
0.7072457218971803
-0.34880184981451257
0.13246415260018327
0.3007819497586889
0.15671658388567425
0.3739731736296841
-0.15460555850088722
0.7674820522676097
1.0521247109036105
0.12572148279239329
-0.5332726191003251
-0.793396503193651
-1.1040676095935613
-0.6960395802036922
-0.6314639920563064
-0.10504205937879241
0.09864136910157204
0.24872337412859166
0.22327625790723662
0.2558164391535771
-0.3487416724528649
0.33149604950595823
0.14177549432783945
-0.09417627653318164
0.338996337733095
0.060124608378097216
0.6029710697352965
0.1279614014667724
0.45767507487705694
-0.27044119951159395
-0.5921210702396564
0.06336421365722353
0.044719761166437805
0.125510003440134
-0.21828371845946964
-0.6168279962591457
-0.23857567231491836
0.27818754403362644
0.4384999026594333
0.6851192149682063
0.5391139927604675
0.3407093201964456
0.638209595685144
0.7006376817922939
1.0251062326606335
0.9961783287172262
0.7661121107614085
-0.5928716974786684
-0.027368073132228332
-0.34364133184213774
-0.08743126250883898
0.34637400615869274
0.49565214546265124
-0.07232992355074122
-0.9719958563733946
-1.673129810607648
-0.8429020406160145
0.05033972208498419
-0.08513675457520106
0.0956747376483568
0.24823283071002236
-0.2264289790002299
-0.26421833072104983
-0.1168184426348973
0.11757035307855682
0.2694891948229
0.5013984026305586
0.3929926712966375
0.9117862464707679
1.035549652651231
1.0055195476067607
1.0494652213135587
-0.015193791866777578
-0.3207784668585395
-0.2192104726748002
0.03262221934846479
-0.3626146722058412
0.28831951985891735
0.6536234935053032
0.9769769598318495
1.0257139080081628
1.0598438784353121
1.0620359525814056
0.5457734094727292
0.9210942656909368
0.8690947322993684
0.7257024369210591
0.5992202496173601
0.5753560715679479
0.3092192508027981
0.37897207826369084
0.5568714631214725
-0.07033015973929932
-0.11295301298128388
0.1754456445640902
-0.24637628663685887
-0.42987324346170713
-0.43700623172698994
-0.09856669430521084
-0.7967683260755785
-0.2607565182484306
0.005981720481819025
0.2793674444570321
0.15065256581193734
-0.15759295223161005
-0.02969024446903748
0.09336637358339947
-0.22758638615856008
-1.1044148856598963
-1.4109327588992882
-1.036415262370011
-0.6537674480477598
-0.32519848263557694
-0.2582160396524601
-0.33530012270056186
-0.6155610321740956
-0.7664809331090531
-0.4114012518359157
-0.13958686249220467
0.025106181234130748
0.3106865913234723
-0.052385834754874044
-0.02163150231740721
-0.06704989249082807
-0.38870187553753205
-0.2822072928961091
-0.41094489040492876
0.43203553030590314
0.5678128821728151
0.5709601846614715
0.5544284422565473
0.5563188858092649
0.26494678297999397
0.5749081077601768
0.4811122615686986
0.6067856668828896
0.7091225453477045
0.48127338849115076
0.43557576413646115
0.4964374222935787
0.3617889762352844
-0.197994698586861
-0.20238125842875357
0.018939989658882578
-0.2722643403920819
-0.054178005088753534
-0.030200698031440015
-1.2711248915419422
-1.8384287768527439
-2.0852544008327007
-2.5955622702517047
-2.4814239726307146
-2.9064812430678177
-1.8155327766179044
-0.5051894549480851
0.2383483601847989
0.26778938000765096
0.43030386026198764
0.33478863324489583
0.42980670284373557
0.5893414820328862
0.7113476423486839
0.6267773689313895
0.3755129105388143
0.39732967617251447
0.1185539882900701
0.43868826448231457
0.0017333789337003191
-0.005304062095308454
0.3406112443282848
0.31588316009069795
0.20867155361658482
-0.34755691549267975
-0.24328682451916037
-0.049113496020794095
0.42556096692301937
0.44928525566678745
0.5297624653465675
0.5325416875375094
0.5101190355448093
0.4650522133574132
0.6278279436391756
0.5073988364392196
0.2747023036438011
-5.334859493863643
-5.6357337194782735
-4.141485323416858
-4.997756339508159
-4.7558947121460315
-4.851336111530427
-3.9541357537056996
-4.8209060348613875
-4.457390581964704
-3.8726469301976163
-4.107121511417591
-4.213339212605756
-3.7429713997619505
-4.152458401073561
-4.513195413701568
-5.482377841038468
-6.04984458791949
-6.127778798114908
-6.411553183262471
-6.322879591346497
-6.285903020786119
-4.749335088349239
-5.036675699557211
-4.362221350256535
-3.9149857274821858
-4.653474999504068
-3.9223566491823187
-4.579437852996027
-4.697593924377782
-3.811326180194039
-4.440205598501949
-5.0593401773029845
-5.081337307215652
-4.752963593500478
-4.624676062680033
-4.819641544412021
-4.130674698287608
-3.86106706843974
-4.37087679165172
-3.8785552111275754
-3.3411160642893742
-3.9279542612768013
-4.416235057105752
-4.439433585152762
-4.654071156948432
-4.428234102096812
-4.131057072318103
-3.954114012789465
-3.7289997308663607
-3.526525468193729
-3.6226664333048832
-4.1046771549124825
-4.132603010563986
-3.9176491717153388
-3.2518169806027015
-3.6061054223367726
-3.922290621714006
-4.254663190176402
-3.47021137501715
-3.841616293570964
-4.0835288594873695
-4.149247541964223
-4.504726566361596
-4.289580446681223
-3.947622668665561
-3.707750635953011
-3.8222170987816546
-4.323157264103605
-3.88664658357825
-3.437964408913888
-3.405379851688526
-3.326716275900235
-3.662152119002403
-3.762235769243459
-3.887920638644938
-3.6242125611153715
-3.289761289854114
-3.5565052563903667
-3.598214384579498
-4.023955243199575
-4.152274142462964
-3.6616990517624504
-3.4677010931082837
-3.463967313519257
-3.8996387433061006
-3.8803809119921215
-3.849126102050387
-4.0568788241064455
-3.4478466581780682
-4.2003261995879235
-3.6944757277294076
-4.202555517338435
-4.337567989591523
-3.3066298360813615
-3.6129314679174827
-3.5031691289273197
-3.6127493760412794
-3.341646182501199
-3.1253265481341828
-3.4912657505403413
-3.360502284380971
-4.258625519902596
-4.16698293773699
-4.671822115759615
-5.563401670485326
-5.882950254317495
-5.166366853062832
-5.00342514229254
-4.573414780017353
-4.553989287661632
-4.176368318329957
-3.665469039951877
-3.6403764706805677
-4.071495801501412
-6.559443891524115
-6.425908088447119
-7.9994303637103
-8.230077808032805
-8.616616730807795
-6.985133264615868
-7.357736559145258
-6.923779002984018
-6.8673967958065685
-5.622816905506238
-6.287491329548792
-7.096163507013794
-7.296432101752723
-6.223108285853933
-6.919960746675048
-6.907073957102646
-6.109279084000595
-6.691941083321078
-6.017976114050578
-5.832548973497347
-5.58547370871199
-5.674738175408181
-5.232654090506494
-6.054617497521436
-5.101126976449435
-4.7707859116724265
-4.978002855821816
-6.1901660847833195
-5.960976787355756
-6.381615730430037
-5.799900274227434
-6.090258613926077
-6.809340744076331
-5.429551498471811
-5.561950542426068
-5.633295110104224
-5.319105276687332
-5.654432511850841
-5.688089357149117
-5.187142388432479
-5.125168055417219
-5.144433022294302
-4.971213555094996
-4.577700995321076
-5.209832848424806
-5.144033732741299
-5.2800260409901885
-4.795017032339629
-5.025902757048753
-4.767067959613843
-5.734798852797877
-5.67319199808874
-5.945366455182446
-5.023915668827316
-5.277823227468939
-6.0601004044922515
-5.325665169788421
-5.412014389721372
-4.690675666555424
-5.456757224370843
-5.467948368431422
-5.547648751374053
-5.26612680943405
-5.916776005497002
-5.685817739123055
-5.872819813685655
-5.930254837331457
-5.881889010172019
-5.569097581046807
-5.318368967148125
-5.077291284715756
-4.605891542187399
-4.642934327120215
-4.313961993056033
-3.851421378032431
-4.258594903835292
-4.370242880837213
-4.160900202081345
-4.672323033044107
-4.19605781139849
-3.970656371493912
-3.9882829587271176
-3.667973548978784
-3.8894847663458783
-4.096752176556801
-3.6622257152831144
-3.5951546823846687
-3.582262184972604
-3.709770914606575
-3.657284980404297
-3.7589243806669432
-3.6688122010714155
-3.6508602657555977
-3.567127325982073
-3.5523664666931447
-3.4383970075383905
-3.3293650030373394
-3.1906133875447926
-3.208521532200703
-3.5892443333979887
-3.1315232355102096
-3.5577931860316867
-3.197414653666379
-2.867693461404565
-3.7213800523789415
-3.0812043976531656
-3.4558145863795913
-3.3032249304199994
-3.6929363794119254
-3.3033044182732354
-3.4409866370135775
-3.361584507667249
-3.4552272720492923
-3.041191826227669
-3.1655150145043067
-3.023132147220442
-3.1761410321231978
-2.9523766811794196
-2.9237442271131178
-3.1292061212524973
-3.4732396356412103
-2.996402063284699
-3.2833070405438396
-3.3468120843994664
-3.2893739793349055
-2.792081950669811
-3.1415210335252244
-3.275753380825504
-3.3615183379051663
-3.4391467746682443
-3.2113747963545025
-3.4190849663670226
-3.0842723731885595
-2.881478496023685
-3.1363447308746975
-2.909692405377558
-2.830135444167868
-3.080103559325024
-3.040564094434452
-3.416411424406179
-3.08828915821696
-3.1720807194460487
-3.308882753323651
-2.9428301092937734
-3.1229348848269933
-3.1603935977737434
-2.8976881479619547
-2.6656036432068104
-3.3327455236841033
-2.981476595168524
-3.044057585048798
-3.0553710570577963
-3.4102802936096306
-3.1059697105851534
-2.9419784310006807
-3.1844634476186786
-3.409675438373037
-8.484167782627294
-8.5707678138903
-8.235624590486442
-7.782211596260804
-8.154254751825292
-7.7594264129438715
-8.224253396496131
-7.99376961989617
-7.737899652900097
-8.081718263314137
-7.9362566956435066
-7.7706638157780406
-7.509983470497592
-6.49120593599763
-4.065415070456533
-2.383971891751848
-1.8656074286186008
-1.363979415821933
-1.0042353254113856
-0.7432343882169714
-0.38669223180920687
-0.762664420945981
-1.0732200988364407
-0.6632659934355467
-1.6575207095871662
-2.043678449422185
-2.830391871080212
-4.3025987754277235
-3.4409497413932297
-2.0026290494478602
-0.893313949162041
-0.7300426518504866
-0.3410965628116914
-0.15523432025071976
-0.06702030041785317
-0.07830460596399424
0.08482086535228747
-0.03651925586812141
0.11352440538904932
0.10296221274702813
-0.329474978300744
-1.0818761241351047
-1.2291881151740236
-1.9678637642176058
-2.0728242820978817
-1.571718277573468
-1.2452790797044224
-1.2162419777952513
-1.4774348109047202
-1.420846700001741
-0.9259256966332635
-0.2749863219656635
0.22931504709594522
0.2750386797932972
-0.22633248238892972
-0.09459625255987958
-0.5113042517655259
-0.5569234874129674
-0.4865330662050956
0.172510523710013
0.06122061310446439
0.04871111582708773
-0.19041071960320033
-0.804414192772919
0.15834961455682697
0.45440773766022047
0.7484249120179041
0.9554138922837297
1.0156171676027816
0.8428267217553888
0.9966897866918053
0.8820787529953272
1.1793120979115408
1.1748879382037098
1.2567862874652573
1.0600597254369426
1.3509263422449505
1.2599282782396297
1.271411143580264
1.2721130144128137
1.6178757749648154
1.8021963037296787
1.535157527474869
1.7750555038669917
1.8394758208439184
1.40074226210294
1.8377889361054294
1.5642507137064068
1.3152498510845165
1.3030050476271053
1.2469073555958237
1.3120792700009734
1.2569663007988552
1.5971271156921665
1.5795926388077577
1.8349627134936548
1.694352950911577
1.193939163566182
0.3223860168369922
-1.4892749046085834
-4.1862547938926395
-2.867220044917314
-3.4418929327997776
-1.3757106904294711
0.04489723084446659
0.375114244021741
0.03258720664641049
0.4832600630930489
0.5397331841018651
0.7269034917502898
0.6362994718313989
0.4958504119432463
0.1112082895731146
0.22767653462906776
0.1552029629421877
0.5366823064801663
0.06659253186209438
-0.30580355561254385
0.2823939779155912
0.3597355457015806
0.738516427228368
0.6332770457482761
0.6333137823745292
0.5809853959323806
0.866981838233693
1.0467852826620299
1.281821409259625
1.2084842214568328
0.8493200179691508
0.9826633458708128
1.4992973000387673
1.3719936599166018
1.1460170000515821
0.9487389122982192
0.8923937703728763
1.1385389838204423
1.055437155902377
1.2339605369532691
1.3883593781266903
1.284006937270125
1.3241337169456566
1.3456768694838421
1.5123233135334908
1.225169374337341
0.7259167623700818
1.1839642227845348
-0.6193565343088843
-1.1475090639149794
-0.5811362757451736
-0.3006147166809924
-0.15641712173397607
0.07646943370332523
0.6334064965088974
0.0722189861907532
0.9689107233235009
0.9836625197744656
1.2728580242876137
1.4493594068310915
1.5661430831959415
1.2708353093208071
0.631818701332825
0.6279089977783807
-0.1222682661166162
-1.0534901208555016
-2.8568507682914004
-2.269587927255627
-0.9395578916494585
-1.7792272167592555
-3.330054053000787
-1.6186453479370644
-1.042451409883979
-1.599676016976234
-3.3165864670579897
-2.451014924842163
-1.6365698236096682
-0.6877018223367342
-0.0876944865286502
-0.0414769083522194
0.01392357557624982
-0.40759134260583774
-0.6893384372315721
-0.16992330511444473
0.371194334466603
0.6568034775743411
0.9034577860793579
0.8636504909974213
1.0314677074426684
0.870768661922925
0.9684145915438037
0.45481535439008336
0.59447588374655
-0.14533175171370347
0.294832308081049
0.582452901800641
0.28432443744491975
0.5631646484731876
0.6622143470476968
0.8577308899448307
0.5784951716262624
1.2756172080881556
0.8753115438727487
0.8845687907451251
0.2617042005488982
0.6349618649465855
0.27721968200683156
0.19846185667213004
0.15112896553869767
-1.4986489687790907
-0.9226941456833991
-1.138302970302208
-2.3728408812687958
-1.1879500233497777
-0.6429379447146759
-0.32113609593208864
-2.407492653510984
-0.9744089772361246
-0.7568698738587397
-2.4005342949748796
-0.7127113547378415
-0.2730447435829899
-0.4382002958439921
-0.3283654509295124
-1.086439489758158
-0.9297594205273289
0.07657936025152676
-0.4597403574746569
-1.0762446412845779
-1.851138068305993
-1.4684401486960637
-1.52733987858463
-0.5634793023855944
-2.5260827618171473
-1.298406548083069
-1.4572047518198425
-1.6330587498539464
-0.008857099045467914
0.9951277278593048
1.0737006751408
1.2390033462891306
1.0108365917837945
0.7583541792825769
0.041154653508386346
-0.7415361497305203
-0.585499901843883
0.33787924030167205
1.0453969296331147
0.9318057060795285
-0.5000445774975966
-0.5423904000238812
0.31098664817689514
0.7869524831979452
1.0430999788880844
1.0323506181034396
1.0708548474283783
1.2459919116001208
0.874838376638632
1.332880155969332
0.9702580277572156
0.9683136785611411
0.904053629258898
1.0862459122667296
-0.643531165240868
0.09028596712248735
0.7578447699725875
1.0927243986795991
0.7217318814684478
-0.4428952046747474
-2.8255197667483376
-2.873451223791626
-1.1498238228231403
-0.3928280534684997
0.047990683800958084
0.29515187948655786
-0.15177765107580593
-0.06294688979420324
-0.41496844305066694
-0.3002717814127377
-0.3555126811386747
0.017389572148801075
0.6223655668255369
0.4416368583650695
0.07629761363220902
0.48138816263825
0.8497070963697825
0.4070794320385951
0.5298123658136633
-0.4997993878494832
-0.6295239175868753
-1.3593901395966712
-2.0254111260775716
-2.4964298914945724
-0.8469588034716182
-1.5094121521348556
-0.46654404379819137
0.37991284416299753
0.7019807229797831
0.7529718633760353
0.5580464777489614
0.3390150345117299
0.16180824789965145
0.4445834504196481
0.8326867753586288
0.5751888370638379
-0.673688957468907
-0.6643167767436523
-0.00501262517388032
-0.2325977050505121
-1.7961036991887618
-0.7975354721943212
-0.8294727409229204
-0.38878944733993526
0.4564610708820662
1.1459359331046526
0.9270614601848156
0.5285063696484225
-0.13001962376168016
-0.5238611756191452
0.3338945867153148
0.3946162266117361
-2.077095383416268
-0.4671156469471228
-0.09908561182014317
-0.5391765341495834
0.4202339398838527
0.4405420620155006
-0.9775019224014188
-1.893844618299852
-3.100396994922762
-2.3780032475090973
-0.7926538736973489
-0.949900890133459
-1.4165767497813648
-0.8951920311291852
-0.41868701243417217
-0.2301639797366231
-0.4479846384708811
-0.09805944513420498
-0.6937810162568943
0.1518325293882716
0.14201447665175818
0.33226002867847204
0.31022586255769313
0.28013348609454847
-0.31227682557631375
-0.2408816786334679
-0.25705938709732473
-1.3299630747442688
-0.5581545469535968
-0.41310322759796214
-0.6836168489220171
-0.09262391901607606
-0.7671949575319289
-0.7517954506151507
-0.19489316149513505
0.6073042644430432
0.7808103314283971
0.757373130518903
0.6124361528792966
0.8523549458468306
0.34049424976373577
-0.09971322726942858
-0.12823173634108087
-0.25911319858878024
-0.7063044624307505
0.0462643628663634
0.3576878539821652
0.36596238713604345
-0.4275383126364979
-0.4801338929535635
-2.8501162446281394
-4.105695199144971
-3.5930511930825166
-3.5657395196330706
-2.7198559793896737
